-0.01 0.2 1e-11 4000 1
-0.01 0.2 1e-11 4000 2
-0.01 0.2 1e-11 4000 3
-0.01 0.2 1e-11 4000 4
-0.01 0.2 1e-11 4000 5
-0.01 0.2 1e-11 4000 6
-0.01 0.2 1e-11 4000 7
-0.01 0.2 1e-11 4000 8
-0.01 0.2 1e-11 4000 9
-0.01 0.2 1e-11 4000 10
-0.01 0.2 1e-11 4000 11
-0.01 0.2 1e-11 4000 12
-0.01 0.2 1e-11 4000 13
-0.01 0.2 1e-11 4000 14
-0.01 0.2 1e-11 4000 15
-0.01 0.2 1e-11 4000 16
-0.01 0.2 1e-11 4000 17
-0.01 0.2 1e-11 4000 18
-0.01 0.2 1e-11 4000 19
-0.01 0.2 1e-11 4000 20
-0.01 0.2 1e-11 4000 21
-0.01 0.2 1e-11 4000 22
-0.01 0.2 1e-11 4000 23
-0.01 0.2 1e-11 4000 24
-0.01 0.2 1e-11 4000 25
-0.01 0.2 1e-11 4000 26
-0.01 0.2 1e-11 4000 27
-0.01 0.2 1e-11 4000 28
-0.01 0.2 1e-11 4000 29
-0.01 0.2 1e-11 4000 30
-0.01 0.2 1e-11 4000 31
-0.01 0.2 1e-11 4000 32
-0.01 0.2 1e-11 4000 33
-0.01 0.2 1e-11 4000 34
-0.01 0.2 1e-11 4000 35
-0.01 0.2 1e-11 4000 36
-0.01 0.2 1e-11 4000 37
-0.01 0.2 1e-11 4000 38
-0.01 0.2 1e-11 4000 39
-0.01 0.2 1e-11 4000 40
-0.01 0.2 1e-11 4000 41
-0.01 0.2 1e-11 4000 42
-0.01 0.2 1e-11 4000 43
-0.01 0.2 1e-11 4000 44
-0.01 0.2 1e-11 4000 45
-0.01 0.2 1e-11 4000 46
-0.01 0.2 1e-11 4000 47
-0.01 0.2 1e-11 4000 48
-0.01 0.2 1e-11 4000 49
-0.01 0.2 1e-11 4000 50
-0.01 0.2 1e-11 4000 51
-0.01 0.2 1e-11 4000 52
-0.01 0.2 1e-11 4000 53
-0.01 0.2 1e-11 4000 54
-0.01 0.2 1e-11 4000 55
-0.01 0.2 1e-11 4000 56
-0.01 0.2 1e-11 4000 57
-0.01 0.2 1e-11 4000 58
-0.01 0.2 1e-11 4000 59
-0.01 0.2 1e-11 4000 60
-0.01 0.2 1e-11 4000 61
-0.01 0.2 1e-11 4000 62
-0.01 0.2 1e-11 4000 63
-0.01 0.2 1e-11 4000 64
-0.01 0.2 1e-11 4000 65
-0.01 0.2 1e-11 4000 66
-0.01 0.2 1e-11 4000 67
-0.01 0.2 1e-11 4000 68
-0.01 0.2 1e-11 4000 69
-0.01 0.2 1e-11 4000 70
-0.01 0.2 1e-11 4000 71
-0.01 0.2 1e-11 4000 72
-0.01 0.2 1e-11 4000 73
-0.01 0.2 1e-11 4000 74
-0.01 0.2 1e-11 4000 75
-0.01 0.2 1e-11 4000 76
-0.01 0.2 1e-11 4000 77
-0.01 0.2 1e-11 4000 78
-0.01 0.2 1e-11 4000 79
-0.01 0.2 1e-11 4000 80
-0.01 0.2 1e-11 4000 81
-0.01 0.2 1e-11 4000 82
-0.01 0.2 1e-11 4000 83
-0.01 0.2 1e-11 4000 84
-0.01 0.2 1e-11 4000 85
-0.01 0.2 1e-11 4000 86
-0.01 0.2 1e-11 4000 87
-0.01 0.2 1e-11 4000 88
-0.01 0.2 1e-11 4000 89
-0.01 0.2 1e-11 4000 90
-0.01 0.2 1e-11 4000 91
-0.01 0.2 1e-11 4000 92
-0.01 0.2 1e-11 4000 93
-0.01 0.2 1e-11 4000 94
-0.01 0.2 1e-11 4000 95
-0.01 0.2 1e-11 4000 96
-0.01 0.2 1e-11 4000 97
-0.01 0.2 1e-11 4000 98
-0.01 0.2 1e-11 4000 99
-0.01 0.2 1e-11 4000 100
-0.01 0.2 1e-10 4000 1
-0.01 0.2 1e-10 4000 2
-0.01 0.2 1e-10 4000 3
-0.01 0.2 1e-10 4000 4
-0.01 0.2 1e-10 4000 5
-0.01 0.2 1e-10 4000 6
-0.01 0.2 1e-10 4000 7
-0.01 0.2 1e-10 4000 8
-0.01 0.2 1e-10 4000 9
-0.01 0.2 1e-10 4000 10
-0.01 0.2 1e-10 4000 11
-0.01 0.2 1e-10 4000 12
-0.01 0.2 1e-10 4000 13
-0.01 0.2 1e-10 4000 14
-0.01 0.2 1e-10 4000 15
-0.01 0.2 1e-10 4000 16
-0.01 0.2 1e-10 4000 17
-0.01 0.2 1e-10 4000 18
-0.01 0.2 1e-10 4000 19
-0.01 0.2 1e-10 4000 20
-0.01 0.2 1e-10 4000 21
-0.01 0.2 1e-10 4000 22
-0.01 0.2 1e-10 4000 23
-0.01 0.2 1e-10 4000 24
-0.01 0.2 1e-10 4000 25
-0.01 0.2 1e-10 4000 26
-0.01 0.2 1e-10 4000 27
-0.01 0.2 1e-10 4000 28
-0.01 0.2 1e-10 4000 29
-0.01 0.2 1e-10 4000 30
-0.01 0.2 1e-10 4000 31
-0.01 0.2 1e-10 4000 32
-0.01 0.2 1e-10 4000 33
-0.01 0.2 1e-10 4000 34
-0.01 0.2 1e-10 4000 35
-0.01 0.2 1e-10 4000 36
-0.01 0.2 1e-10 4000 37
-0.01 0.2 1e-10 4000 38
-0.01 0.2 1e-10 4000 39
-0.01 0.2 1e-10 4000 40
-0.01 0.2 1e-10 4000 41
-0.01 0.2 1e-10 4000 42
-0.01 0.2 1e-10 4000 43
-0.01 0.2 1e-10 4000 44
-0.01 0.2 1e-10 4000 45
-0.01 0.2 1e-10 4000 46
-0.01 0.2 1e-10 4000 47
-0.01 0.2 1e-10 4000 48
-0.01 0.2 1e-10 4000 49
-0.01 0.2 1e-10 4000 50
-0.01 0.2 1e-10 4000 51
-0.01 0.2 1e-10 4000 52
-0.01 0.2 1e-10 4000 53
-0.01 0.2 1e-10 4000 54
-0.01 0.2 1e-10 4000 55
-0.01 0.2 1e-10 4000 56
-0.01 0.2 1e-10 4000 57
-0.01 0.2 1e-10 4000 58
-0.01 0.2 1e-10 4000 59
-0.01 0.2 1e-10 4000 60
-0.01 0.2 1e-10 4000 61
-0.01 0.2 1e-10 4000 62
-0.01 0.2 1e-10 4000 63
-0.01 0.2 1e-10 4000 64
-0.01 0.2 1e-10 4000 65
-0.01 0.2 1e-10 4000 66
-0.01 0.2 1e-10 4000 67
-0.01 0.2 1e-10 4000 68
-0.01 0.2 1e-10 4000 69
-0.01 0.2 1e-10 4000 70
-0.01 0.2 1e-10 4000 71
-0.01 0.2 1e-10 4000 72
-0.01 0.2 1e-10 4000 73
-0.01 0.2 1e-10 4000 74
-0.01 0.2 1e-10 4000 75
-0.01 0.2 1e-10 4000 76
-0.01 0.2 1e-10 4000 77
-0.01 0.2 1e-10 4000 78
-0.01 0.2 1e-10 4000 79
-0.01 0.2 1e-10 4000 80
-0.01 0.2 1e-10 4000 81
-0.01 0.2 1e-10 4000 82
-0.01 0.2 1e-10 4000 83
-0.01 0.2 1e-10 4000 84
-0.01 0.2 1e-10 4000 85
-0.01 0.2 1e-10 4000 86
-0.01 0.2 1e-10 4000 87
-0.01 0.2 1e-10 4000 88
-0.01 0.2 1e-10 4000 89
-0.01 0.2 1e-10 4000 90
-0.01 0.2 1e-10 4000 91
-0.01 0.2 1e-10 4000 92
-0.01 0.2 1e-10 4000 93
-0.01 0.2 1e-10 4000 94
-0.01 0.2 1e-10 4000 95
-0.01 0.2 1e-10 4000 96
-0.01 0.2 1e-10 4000 97
-0.01 0.2 1e-10 4000 98
-0.01 0.2 1e-10 4000 99
-0.01 0.2 1e-10 4000 100
-0.01 0.2 1e-09 4000 1
-0.01 0.2 1e-09 4000 2
-0.01 0.2 1e-09 4000 3
-0.01 0.2 1e-09 4000 4
-0.01 0.2 1e-09 4000 5
-0.01 0.2 1e-09 4000 6
-0.01 0.2 1e-09 4000 7
-0.01 0.2 1e-09 4000 8
-0.01 0.2 1e-09 4000 9
-0.01 0.2 1e-09 4000 10
-0.01 0.2 1e-09 4000 11
-0.01 0.2 1e-09 4000 12
-0.01 0.2 1e-09 4000 13
-0.01 0.2 1e-09 4000 14
-0.01 0.2 1e-09 4000 15
-0.01 0.2 1e-09 4000 16
-0.01 0.2 1e-09 4000 17
-0.01 0.2 1e-09 4000 18
-0.01 0.2 1e-09 4000 19
-0.01 0.2 1e-09 4000 20
-0.01 0.2 1e-09 4000 21
-0.01 0.2 1e-09 4000 22
-0.01 0.2 1e-09 4000 23
-0.01 0.2 1e-09 4000 24
-0.01 0.2 1e-09 4000 25
-0.01 0.2 1e-09 4000 26
-0.01 0.2 1e-09 4000 27
-0.01 0.2 1e-09 4000 28
-0.01 0.2 1e-09 4000 29
-0.01 0.2 1e-09 4000 30
-0.01 0.2 1e-09 4000 31
-0.01 0.2 1e-09 4000 32
-0.01 0.2 1e-09 4000 33
-0.01 0.2 1e-09 4000 34
-0.01 0.2 1e-09 4000 35
-0.01 0.2 1e-09 4000 36
-0.01 0.2 1e-09 4000 37
-0.01 0.2 1e-09 4000 38
-0.01 0.2 1e-09 4000 39
-0.01 0.2 1e-09 4000 40
-0.01 0.2 1e-09 4000 41
-0.01 0.2 1e-09 4000 42
-0.01 0.2 1e-09 4000 43
-0.01 0.2 1e-09 4000 44
-0.01 0.2 1e-09 4000 45
-0.01 0.2 1e-09 4000 46
-0.01 0.2 1e-09 4000 47
-0.01 0.2 1e-09 4000 48
-0.01 0.2 1e-09 4000 49
-0.01 0.2 1e-09 4000 50
-0.01 0.2 1e-09 4000 51
-0.01 0.2 1e-09 4000 52
-0.01 0.2 1e-09 4000 53
-0.01 0.2 1e-09 4000 54
-0.01 0.2 1e-09 4000 55
-0.01 0.2 1e-09 4000 56
-0.01 0.2 1e-09 4000 57
-0.01 0.2 1e-09 4000 58
-0.01 0.2 1e-09 4000 59
-0.01 0.2 1e-09 4000 60
-0.01 0.2 1e-09 4000 61
-0.01 0.2 1e-09 4000 62
-0.01 0.2 1e-09 4000 63
-0.01 0.2 1e-09 4000 64
-0.01 0.2 1e-09 4000 65
-0.01 0.2 1e-09 4000 66
-0.01 0.2 1e-09 4000 67
-0.01 0.2 1e-09 4000 68
-0.01 0.2 1e-09 4000 69
-0.01 0.2 1e-09 4000 70
-0.01 0.2 1e-09 4000 71
-0.01 0.2 1e-09 4000 72
-0.01 0.2 1e-09 4000 73
-0.01 0.2 1e-09 4000 74
-0.01 0.2 1e-09 4000 75
-0.01 0.2 1e-09 4000 76
-0.01 0.2 1e-09 4000 77
-0.01 0.2 1e-09 4000 78
-0.01 0.2 1e-09 4000 79
-0.01 0.2 1e-09 4000 80
-0.01 0.2 1e-09 4000 81
-0.01 0.2 1e-09 4000 82
-0.01 0.2 1e-09 4000 83
-0.01 0.2 1e-09 4000 84
-0.01 0.2 1e-09 4000 85
-0.01 0.2 1e-09 4000 86
-0.01 0.2 1e-09 4000 87
-0.01 0.2 1e-09 4000 88
-0.01 0.2 1e-09 4000 89
-0.01 0.2 1e-09 4000 90
-0.01 0.2 1e-09 4000 91
-0.01 0.2 1e-09 4000 92
-0.01 0.2 1e-09 4000 93
-0.01 0.2 1e-09 4000 94
-0.01 0.2 1e-09 4000 95
-0.01 0.2 1e-09 4000 96
-0.01 0.2 1e-09 4000 97
-0.01 0.2 1e-09 4000 98
-0.01 0.2 1e-09 4000 99
-0.01 0.2 1e-09 4000 100
-0.01 0.2 1e-08 4000 1
-0.01 0.2 1e-08 4000 2
-0.01 0.2 1e-08 4000 3
-0.01 0.2 1e-08 4000 4
-0.01 0.2 1e-08 4000 5
-0.01 0.2 1e-08 4000 6
-0.01 0.2 1e-08 4000 7
-0.01 0.2 1e-08 4000 8
-0.01 0.2 1e-08 4000 9
-0.01 0.2 1e-08 4000 10
-0.01 0.2 1e-08 4000 11
-0.01 0.2 1e-08 4000 12
-0.01 0.2 1e-08 4000 13
-0.01 0.2 1e-08 4000 14
-0.01 0.2 1e-08 4000 15
-0.01 0.2 1e-08 4000 16
-0.01 0.2 1e-08 4000 17
-0.01 0.2 1e-08 4000 18
-0.01 0.2 1e-08 4000 19
-0.01 0.2 1e-08 4000 20
-0.01 0.2 1e-08 4000 21
-0.01 0.2 1e-08 4000 22
-0.01 0.2 1e-08 4000 23
-0.01 0.2 1e-08 4000 24
-0.01 0.2 1e-08 4000 25
-0.01 0.2 1e-08 4000 26
-0.01 0.2 1e-08 4000 27
-0.01 0.2 1e-08 4000 28
-0.01 0.2 1e-08 4000 29
-0.01 0.2 1e-08 4000 30
-0.01 0.2 1e-08 4000 31
-0.01 0.2 1e-08 4000 32
-0.01 0.2 1e-08 4000 33
-0.01 0.2 1e-08 4000 34
-0.01 0.2 1e-08 4000 35
-0.01 0.2 1e-08 4000 36
-0.01 0.2 1e-08 4000 37
-0.01 0.2 1e-08 4000 38
-0.01 0.2 1e-08 4000 39
-0.01 0.2 1e-08 4000 40
-0.01 0.2 1e-08 4000 41
-0.01 0.2 1e-08 4000 42
-0.01 0.2 1e-08 4000 43
-0.01 0.2 1e-08 4000 44
-0.01 0.2 1e-08 4000 45
-0.01 0.2 1e-08 4000 46
-0.01 0.2 1e-08 4000 47
-0.01 0.2 1e-08 4000 48
-0.01 0.2 1e-08 4000 49
-0.01 0.2 1e-08 4000 50
-0.01 0.2 1e-08 4000 51
-0.01 0.2 1e-08 4000 52
-0.01 0.2 1e-08 4000 53
-0.01 0.2 1e-08 4000 54
-0.01 0.2 1e-08 4000 55
-0.01 0.2 1e-08 4000 56
-0.01 0.2 1e-08 4000 57
-0.01 0.2 1e-08 4000 58
-0.01 0.2 1e-08 4000 59
-0.01 0.2 1e-08 4000 60
-0.01 0.2 1e-08 4000 61
-0.01 0.2 1e-08 4000 62
-0.01 0.2 1e-08 4000 63
-0.01 0.2 1e-08 4000 64
-0.01 0.2 1e-08 4000 65
-0.01 0.2 1e-08 4000 66
-0.01 0.2 1e-08 4000 67
-0.01 0.2 1e-08 4000 68
-0.01 0.2 1e-08 4000 69
-0.01 0.2 1e-08 4000 70
-0.01 0.2 1e-08 4000 71
-0.01 0.2 1e-08 4000 72
-0.01 0.2 1e-08 4000 73
-0.01 0.2 1e-08 4000 74
-0.01 0.2 1e-08 4000 75
-0.01 0.2 1e-08 4000 76
-0.01 0.2 1e-08 4000 77
-0.01 0.2 1e-08 4000 78
-0.01 0.2 1e-08 4000 79
-0.01 0.2 1e-08 4000 80
-0.01 0.2 1e-08 4000 81
-0.01 0.2 1e-08 4000 82
-0.01 0.2 1e-08 4000 83
-0.01 0.2 1e-08 4000 84
-0.01 0.2 1e-08 4000 85
-0.01 0.2 1e-08 4000 86
-0.01 0.2 1e-08 4000 87
-0.01 0.2 1e-08 4000 88
-0.01 0.2 1e-08 4000 89
-0.01 0.2 1e-08 4000 90
-0.01 0.2 1e-08 4000 91
-0.01 0.2 1e-08 4000 92
-0.01 0.2 1e-08 4000 93
-0.01 0.2 1e-08 4000 94
-0.01 0.2 1e-08 4000 95
-0.01 0.2 1e-08 4000 96
-0.01 0.2 1e-08 4000 97
-0.01 0.2 1e-08 4000 98
-0.01 0.2 1e-08 4000 99
-0.01 0.2 1e-08 4000 100
-0.01 0.2 1e-07 4000 1
-0.01 0.2 1e-07 4000 2
-0.01 0.2 1e-07 4000 3
-0.01 0.2 1e-07 4000 4
-0.01 0.2 1e-07 4000 5
-0.01 0.2 1e-07 4000 6
-0.01 0.2 1e-07 4000 7
-0.01 0.2 1e-07 4000 8
-0.01 0.2 1e-07 4000 9
-0.01 0.2 1e-07 4000 10
-0.01 0.2 1e-07 4000 11
-0.01 0.2 1e-07 4000 12
-0.01 0.2 1e-07 4000 13
-0.01 0.2 1e-07 4000 14
-0.01 0.2 1e-07 4000 15
-0.01 0.2 1e-07 4000 16
-0.01 0.2 1e-07 4000 17
-0.01 0.2 1e-07 4000 18
-0.01 0.2 1e-07 4000 19
-0.01 0.2 1e-07 4000 20
-0.01 0.2 1e-07 4000 21
-0.01 0.2 1e-07 4000 22
-0.01 0.2 1e-07 4000 23
-0.01 0.2 1e-07 4000 24
-0.01 0.2 1e-07 4000 25
-0.01 0.2 1e-07 4000 26
-0.01 0.2 1e-07 4000 27
-0.01 0.2 1e-07 4000 28
-0.01 0.2 1e-07 4000 29
-0.01 0.2 1e-07 4000 30
-0.01 0.2 1e-07 4000 31
-0.01 0.2 1e-07 4000 32
-0.01 0.2 1e-07 4000 33
-0.01 0.2 1e-07 4000 34
-0.01 0.2 1e-07 4000 35
-0.01 0.2 1e-07 4000 36
-0.01 0.2 1e-07 4000 37
-0.01 0.2 1e-07 4000 38
-0.01 0.2 1e-07 4000 39
-0.01 0.2 1e-07 4000 40
-0.01 0.2 1e-07 4000 41
-0.01 0.2 1e-07 4000 42
-0.01 0.2 1e-07 4000 43
-0.01 0.2 1e-07 4000 44
-0.01 0.2 1e-07 4000 45
-0.01 0.2 1e-07 4000 46
-0.01 0.2 1e-07 4000 47
-0.01 0.2 1e-07 4000 48
-0.01 0.2 1e-07 4000 49
-0.01 0.2 1e-07 4000 50
-0.01 0.2 1e-07 4000 51
-0.01 0.2 1e-07 4000 52
-0.01 0.2 1e-07 4000 53
-0.01 0.2 1e-07 4000 54
-0.01 0.2 1e-07 4000 55
-0.01 0.2 1e-07 4000 56
-0.01 0.2 1e-07 4000 57
-0.01 0.2 1e-07 4000 58
-0.01 0.2 1e-07 4000 59
-0.01 0.2 1e-07 4000 60
-0.01 0.2 1e-07 4000 61
-0.01 0.2 1e-07 4000 62
-0.01 0.2 1e-07 4000 63
-0.01 0.2 1e-07 4000 64
-0.01 0.2 1e-07 4000 65
-0.01 0.2 1e-07 4000 66
-0.01 0.2 1e-07 4000 67
-0.01 0.2 1e-07 4000 68
-0.01 0.2 1e-07 4000 69
-0.01 0.2 1e-07 4000 70
-0.01 0.2 1e-07 4000 71
-0.01 0.2 1e-07 4000 72
-0.01 0.2 1e-07 4000 73
-0.01 0.2 1e-07 4000 74
-0.01 0.2 1e-07 4000 75
-0.01 0.2 1e-07 4000 76
-0.01 0.2 1e-07 4000 77
-0.01 0.2 1e-07 4000 78
-0.01 0.2 1e-07 4000 79
-0.01 0.2 1e-07 4000 80
-0.01 0.2 1e-07 4000 81
-0.01 0.2 1e-07 4000 82
-0.01 0.2 1e-07 4000 83
-0.01 0.2 1e-07 4000 84
-0.01 0.2 1e-07 4000 85
-0.01 0.2 1e-07 4000 86
-0.01 0.2 1e-07 4000 87
-0.01 0.2 1e-07 4000 88
-0.01 0.2 1e-07 4000 89
-0.01 0.2 1e-07 4000 90
-0.01 0.2 1e-07 4000 91
-0.01 0.2 1e-07 4000 92
-0.01 0.2 1e-07 4000 93
-0.01 0.2 1e-07 4000 94
-0.01 0.2 1e-07 4000 95
-0.01 0.2 1e-07 4000 96
-0.01 0.2 1e-07 4000 97
-0.01 0.2 1e-07 4000 98
-0.01 0.2 1e-07 4000 99
-0.01 0.2 1e-07 4000 100
-0.01 0.2 1e-06 4000 1
-0.01 0.2 1e-06 4000 2
-0.01 0.2 1e-06 4000 3
-0.01 0.2 1e-06 4000 4
-0.01 0.2 1e-06 4000 5
-0.01 0.2 1e-06 4000 6
-0.01 0.2 1e-06 4000 7
-0.01 0.2 1e-06 4000 8
-0.01 0.2 1e-06 4000 9
-0.01 0.2 1e-06 4000 10
-0.01 0.2 1e-06 4000 11
-0.01 0.2 1e-06 4000 12
-0.01 0.2 1e-06 4000 13
-0.01 0.2 1e-06 4000 14
-0.01 0.2 1e-06 4000 15
-0.01 0.2 1e-06 4000 16
-0.01 0.2 1e-06 4000 17
-0.01 0.2 1e-06 4000 18
-0.01 0.2 1e-06 4000 19
-0.01 0.2 1e-06 4000 20
-0.01 0.2 1e-06 4000 21
-0.01 0.2 1e-06 4000 22
-0.01 0.2 1e-06 4000 23
-0.01 0.2 1e-06 4000 24
-0.01 0.2 1e-06 4000 25
-0.01 0.2 1e-06 4000 26
-0.01 0.2 1e-06 4000 27
-0.01 0.2 1e-06 4000 28
-0.01 0.2 1e-06 4000 29
-0.01 0.2 1e-06 4000 30
-0.01 0.2 1e-06 4000 31
-0.01 0.2 1e-06 4000 32
-0.01 0.2 1e-06 4000 33
-0.01 0.2 1e-06 4000 34
-0.01 0.2 1e-06 4000 35
-0.01 0.2 1e-06 4000 36
-0.01 0.2 1e-06 4000 37
-0.01 0.2 1e-06 4000 38
-0.01 0.2 1e-06 4000 39
-0.01 0.2 1e-06 4000 40
-0.01 0.2 1e-06 4000 41
-0.01 0.2 1e-06 4000 42
-0.01 0.2 1e-06 4000 43
-0.01 0.2 1e-06 4000 44
-0.01 0.2 1e-06 4000 45
-0.01 0.2 1e-06 4000 46
-0.01 0.2 1e-06 4000 47
-0.01 0.2 1e-06 4000 48
-0.01 0.2 1e-06 4000 49
-0.01 0.2 1e-06 4000 50
-0.01 0.2 1e-06 4000 51
-0.01 0.2 1e-06 4000 52
-0.01 0.2 1e-06 4000 53
-0.01 0.2 1e-06 4000 54
-0.01 0.2 1e-06 4000 55
-0.01 0.2 1e-06 4000 56
-0.01 0.2 1e-06 4000 57
-0.01 0.2 1e-06 4000 58
-0.01 0.2 1e-06 4000 59
-0.01 0.2 1e-06 4000 60
-0.01 0.2 1e-06 4000 61
-0.01 0.2 1e-06 4000 62
-0.01 0.2 1e-06 4000 63
-0.01 0.2 1e-06 4000 64
-0.01 0.2 1e-06 4000 65
-0.01 0.2 1e-06 4000 66
-0.01 0.2 1e-06 4000 67
-0.01 0.2 1e-06 4000 68
-0.01 0.2 1e-06 4000 69
-0.01 0.2 1e-06 4000 70
-0.01 0.2 1e-06 4000 71
-0.01 0.2 1e-06 4000 72
-0.01 0.2 1e-06 4000 73
-0.01 0.2 1e-06 4000 74
-0.01 0.2 1e-06 4000 75
-0.01 0.2 1e-06 4000 76
-0.01 0.2 1e-06 4000 77
-0.01 0.2 1e-06 4000 78
-0.01 0.2 1e-06 4000 79
-0.01 0.2 1e-06 4000 80
-0.01 0.2 1e-06 4000 81
-0.01 0.2 1e-06 4000 82
-0.01 0.2 1e-06 4000 83
-0.01 0.2 1e-06 4000 84
-0.01 0.2 1e-06 4000 85
-0.01 0.2 1e-06 4000 86
-0.01 0.2 1e-06 4000 87
-0.01 0.2 1e-06 4000 88
-0.01 0.2 1e-06 4000 89
-0.01 0.2 1e-06 4000 90
-0.01 0.2 1e-06 4000 91
-0.01 0.2 1e-06 4000 92
-0.01 0.2 1e-06 4000 93
-0.01 0.2 1e-06 4000 94
-0.01 0.2 1e-06 4000 95
-0.01 0.2 1e-06 4000 96
-0.01 0.2 1e-06 4000 97
-0.01 0.2 1e-06 4000 98
-0.01 0.2 1e-06 4000 99
-0.01 0.2 1e-06 4000 100
-0.01 0.2 1e-05 4000 1
-0.01 0.2 1e-05 4000 2
-0.01 0.2 1e-05 4000 3
-0.01 0.2 1e-05 4000 4
-0.01 0.2 1e-05 4000 5
-0.01 0.2 1e-05 4000 6
-0.01 0.2 1e-05 4000 7
-0.01 0.2 1e-05 4000 8
-0.01 0.2 1e-05 4000 9
-0.01 0.2 1e-05 4000 10
-0.01 0.2 1e-05 4000 11
-0.01 0.2 1e-05 4000 12
-0.01 0.2 1e-05 4000 13
-0.01 0.2 1e-05 4000 14
-0.01 0.2 1e-05 4000 15
-0.01 0.2 1e-05 4000 16
-0.01 0.2 1e-05 4000 17
-0.01 0.2 1e-05 4000 18
-0.01 0.2 1e-05 4000 19
-0.01 0.2 1e-05 4000 20
-0.01 0.2 1e-05 4000 21
-0.01 0.2 1e-05 4000 22
-0.01 0.2 1e-05 4000 23
-0.01 0.2 1e-05 4000 24
-0.01 0.2 1e-05 4000 25
-0.01 0.2 1e-05 4000 26
-0.01 0.2 1e-05 4000 27
-0.01 0.2 1e-05 4000 28
-0.01 0.2 1e-05 4000 29
-0.01 0.2 1e-05 4000 30
-0.01 0.2 1e-05 4000 31
-0.01 0.2 1e-05 4000 32
-0.01 0.2 1e-05 4000 33
-0.01 0.2 1e-05 4000 34
-0.01 0.2 1e-05 4000 35
-0.01 0.2 1e-05 4000 36
-0.01 0.2 1e-05 4000 37
-0.01 0.2 1e-05 4000 38
-0.01 0.2 1e-05 4000 39
-0.01 0.2 1e-05 4000 40
-0.01 0.2 1e-05 4000 41
-0.01 0.2 1e-05 4000 42
-0.01 0.2 1e-05 4000 43
-0.01 0.2 1e-05 4000 44
-0.01 0.2 1e-05 4000 45
-0.01 0.2 1e-05 4000 46
-0.01 0.2 1e-05 4000 47
-0.01 0.2 1e-05 4000 48
-0.01 0.2 1e-05 4000 49
-0.01 0.2 1e-05 4000 50
-0.01 0.2 1e-05 4000 51
-0.01 0.2 1e-05 4000 52
-0.01 0.2 1e-05 4000 53
-0.01 0.2 1e-05 4000 54
-0.01 0.2 1e-05 4000 55
-0.01 0.2 1e-05 4000 56
-0.01 0.2 1e-05 4000 57
-0.01 0.2 1e-05 4000 58
-0.01 0.2 1e-05 4000 59
-0.01 0.2 1e-05 4000 60
-0.01 0.2 1e-05 4000 61
-0.01 0.2 1e-05 4000 62
-0.01 0.2 1e-05 4000 63
-0.01 0.2 1e-05 4000 64
-0.01 0.2 1e-05 4000 65
-0.01 0.2 1e-05 4000 66
-0.01 0.2 1e-05 4000 67
-0.01 0.2 1e-05 4000 68
-0.01 0.2 1e-05 4000 69
-0.01 0.2 1e-05 4000 70
-0.01 0.2 1e-05 4000 71
-0.01 0.2 1e-05 4000 72
-0.01 0.2 1e-05 4000 73
-0.01 0.2 1e-05 4000 74
-0.01 0.2 1e-05 4000 75
-0.01 0.2 1e-05 4000 76
-0.01 0.2 1e-05 4000 77
-0.01 0.2 1e-05 4000 78
-0.01 0.2 1e-05 4000 79
-0.01 0.2 1e-05 4000 80
-0.01 0.2 1e-05 4000 81
-0.01 0.2 1e-05 4000 82
-0.01 0.2 1e-05 4000 83
-0.01 0.2 1e-05 4000 84
-0.01 0.2 1e-05 4000 85
-0.01 0.2 1e-05 4000 86
-0.01 0.2 1e-05 4000 87
-0.01 0.2 1e-05 4000 88
-0.01 0.2 1e-05 4000 89
-0.01 0.2 1e-05 4000 90
-0.01 0.2 1e-05 4000 91
-0.01 0.2 1e-05 4000 92
-0.01 0.2 1e-05 4000 93
-0.01 0.2 1e-05 4000 94
-0.01 0.2 1e-05 4000 95
-0.01 0.2 1e-05 4000 96
-0.01 0.2 1e-05 4000 97
-0.01 0.2 1e-05 4000 98
-0.01 0.2 1e-05 4000 99
-0.01 0.2 1e-05 4000 100
