-0.005 0.2 1e-11 4000 1
-0.005 0.2 1e-11 4000 2
-0.005 0.2 1e-11 4000 3
-0.005 0.2 1e-11 4000 4
-0.005 0.2 1e-11 4000 5
-0.005 0.2 1e-11 4000 6
-0.005 0.2 1e-11 4000 7
-0.005 0.2 1e-11 4000 8
-0.005 0.2 1e-11 4000 9
-0.005 0.2 1e-11 4000 10
-0.005 0.2 1e-11 4000 11
-0.005 0.2 1e-11 4000 12
-0.005 0.2 1e-11 4000 13
-0.005 0.2 1e-11 4000 14
-0.005 0.2 1e-11 4000 15
-0.005 0.2 1e-11 4000 16
-0.005 0.2 1e-11 4000 17
-0.005 0.2 1e-11 4000 18
-0.005 0.2 1e-11 4000 19
-0.005 0.2 1e-11 4000 20
-0.005 0.2 1e-10 4000 1
-0.005 0.2 1e-10 4000 2
-0.005 0.2 1e-10 4000 3
-0.005 0.2 1e-10 4000 4
-0.005 0.2 1e-10 4000 5
-0.005 0.2 1e-10 4000 6
-0.005 0.2 1e-10 4000 7
-0.005 0.2 1e-10 4000 8
-0.005 0.2 1e-10 4000 9
-0.005 0.2 1e-10 4000 10
-0.005 0.2 1e-10 4000 11
-0.005 0.2 1e-10 4000 12
-0.005 0.2 1e-10 4000 13
-0.005 0.2 1e-10 4000 14
-0.005 0.2 1e-10 4000 15
-0.005 0.2 1e-10 4000 16
-0.005 0.2 1e-10 4000 17
-0.005 0.2 1e-10 4000 18
-0.005 0.2 1e-10 4000 19
-0.005 0.2 1e-10 4000 20
-0.005 0.2 1e-09 4000 1
-0.005 0.2 1e-09 4000 2
-0.005 0.2 1e-09 4000 3
-0.005 0.2 1e-09 4000 4
-0.005 0.2 1e-09 4000 5
-0.005 0.2 1e-09 4000 6
-0.005 0.2 1e-09 4000 7
-0.005 0.2 1e-09 4000 8
-0.005 0.2 1e-09 4000 9
-0.005 0.2 1e-09 4000 10
-0.005 0.2 1e-09 4000 11
-0.005 0.2 1e-09 4000 12
-0.005 0.2 1e-09 4000 13
-0.005 0.2 1e-09 4000 14
-0.005 0.2 1e-09 4000 15
-0.005 0.2 1e-09 4000 16
-0.005 0.2 1e-09 4000 17
-0.005 0.2 1e-09 4000 18
-0.005 0.2 1e-09 4000 19
-0.005 0.2 1e-09 4000 20
-0.005 0.2 1e-08 4000 1
-0.005 0.2 1e-08 4000 2
-0.005 0.2 1e-08 4000 3
-0.005 0.2 1e-08 4000 4
-0.005 0.2 1e-08 4000 5
-0.005 0.2 1e-08 4000 6
-0.005 0.2 1e-08 4000 7
-0.005 0.2 1e-08 4000 8
-0.005 0.2 1e-08 4000 9
-0.005 0.2 1e-08 4000 10
-0.005 0.2 1e-08 4000 11
-0.005 0.2 1e-08 4000 12
-0.005 0.2 1e-08 4000 13
-0.005 0.2 1e-08 4000 14
-0.005 0.2 1e-08 4000 15
-0.005 0.2 1e-08 4000 16
-0.005 0.2 1e-08 4000 17
-0.005 0.2 1e-08 4000 18
-0.005 0.2 1e-08 4000 19
-0.005 0.2 1e-08 4000 20
-0.005 0.2 1e-07 4000 1
-0.005 0.2 1e-07 4000 2
-0.005 0.2 1e-07 4000 3
-0.005 0.2 1e-07 4000 4
-0.005 0.2 1e-07 4000 5
-0.005 0.2 1e-07 4000 6
-0.005 0.2 1e-07 4000 7
-0.005 0.2 1e-07 4000 8
-0.005 0.2 1e-07 4000 9
-0.005 0.2 1e-07 4000 10
-0.005 0.2 1e-07 4000 11
-0.005 0.2 1e-07 4000 12
-0.005 0.2 1e-07 4000 13
-0.005 0.2 1e-07 4000 14
-0.005 0.2 1e-07 4000 15
-0.005 0.2 1e-07 4000 16
-0.005 0.2 1e-07 4000 17
-0.005 0.2 1e-07 4000 18
-0.005 0.2 1e-07 4000 19
-0.005 0.2 1e-07 4000 20
-0.005 0.2 1e-06 4000 1
-0.005 0.2 1e-06 4000 2
-0.005 0.2 1e-06 4000 3
-0.005 0.2 1e-06 4000 4
-0.005 0.2 1e-06 4000 5
-0.005 0.2 1e-06 4000 6
-0.005 0.2 1e-06 4000 7
-0.005 0.2 1e-06 4000 8
-0.005 0.2 1e-06 4000 9
-0.005 0.2 1e-06 4000 10
-0.005 0.2 1e-06 4000 11
-0.005 0.2 1e-06 4000 12
-0.005 0.2 1e-06 4000 13
-0.005 0.2 1e-06 4000 14
-0.005 0.2 1e-06 4000 15
-0.005 0.2 1e-06 4000 16
-0.005 0.2 1e-06 4000 17
-0.005 0.2 1e-06 4000 18
-0.005 0.2 1e-06 4000 19
-0.005 0.2 1e-06 4000 20
-0.005 0.2 1e-05 4000 1
-0.005 0.2 1e-05 4000 2
-0.005 0.2 1e-05 4000 3
-0.005 0.2 1e-05 4000 4
-0.005 0.2 1e-05 4000 5
-0.005 0.2 1e-05 4000 6
-0.005 0.2 1e-05 4000 7
-0.005 0.2 1e-05 4000 8
-0.005 0.2 1e-05 4000 9
-0.005 0.2 1e-05 4000 10
-0.005 0.2 1e-05 4000 11
-0.005 0.2 1e-05 4000 12
-0.005 0.2 1e-05 4000 13
-0.005 0.2 1e-05 4000 14
-0.005 0.2 1e-05 4000 15
-0.005 0.2 1e-05 4000 16
-0.005 0.2 1e-05 4000 17
-0.005 0.2 1e-05 4000 18
-0.005 0.2 1e-05 4000 19
-0.005 0.2 1e-05 4000 20
