-0.01 0.2 1e-10 1e-8 4000 1
-0.01 0.2 1e-10 1e-8 4000 2
-0.01 0.2 1e-10 1e-8 4000 3
-0.01 0.2 1e-10 1e-8 4000 4
-0.01 0.2 1e-10 1e-8 4000 5
-0.01 0.2 1e-10 1e-8 4000 6
-0.01 0.2 1e-10 1e-8 4000 7
-0.01 0.2 1e-10 1e-8 4000 8
-0.01 0.2 1e-10 1e-8 4000 9
-0.01 0.2 1e-10 1e-8 4000 10
-0.01 0.2 1e-10 1e-8 4000 11
-0.01 0.2 1e-10 1e-8 4000 12
-0.01 0.2 1e-10 1e-8 4000 13
-0.01 0.2 1e-10 1e-8 4000 14
-0.01 0.2 1e-10 1e-8 4000 15
-0.01 0.2 1e-10 1e-8 4000 16
-0.01 0.2 1e-10 1e-8 4000 17
-0.01 0.2 1e-10 1e-8 4000 18
-0.01 0.2 1e-10 1e-8 4000 19
-0.01 0.2 1e-10 1e-8 4000 20
-0.01 0.2 1e-10 1e-6 4000 1
-0.01 0.2 1e-10 1e-6 4000 2
-0.01 0.2 1e-10 1e-6 4000 3
-0.01 0.2 1e-10 1e-6 4000 4
-0.01 0.2 1e-10 1e-6 4000 5
-0.01 0.2 1e-10 1e-6 4000 6
-0.01 0.2 1e-10 1e-6 4000 7
-0.01 0.2 1e-10 1e-6 4000 8
-0.01 0.2 1e-10 1e-6 4000 9
-0.01 0.2 1e-10 1e-6 4000 10
-0.01 0.2 1e-10 1e-6 4000 11
-0.01 0.2 1e-10 1e-6 4000 12
-0.01 0.2 1e-10 1e-6 4000 13
-0.01 0.2 1e-10 1e-6 4000 14
-0.01 0.2 1e-10 1e-6 4000 15
-0.01 0.2 1e-10 1e-6 4000 16
-0.01 0.2 1e-10 1e-6 4000 17
-0.01 0.2 1e-10 1e-6 4000 18
-0.01 0.2 1e-10 1e-6 4000 19
-0.01 0.2 1e-10 1e-6 4000 20
-0.01 0.2 1e-7 1e-8 4000 1
-0.01 0.2 1e-7 1e-8 4000 2
-0.01 0.2 1e-7 1e-8 4000 3
-0.01 0.2 1e-7 1e-8 4000 4
-0.01 0.2 1e-7 1e-8 4000 5
-0.01 0.2 1e-7 1e-8 4000 6
-0.01 0.2 1e-7 1e-8 4000 7
-0.01 0.2 1e-7 1e-8 4000 8
-0.01 0.2 1e-7 1e-8 4000 9
-0.01 0.2 1e-7 1e-8 4000 10
-0.01 0.2 1e-7 1e-8 4000 11
-0.01 0.2 1e-7 1e-8 4000 12
-0.01 0.2 1e-7 1e-8 4000 13
-0.01 0.2 1e-7 1e-8 4000 14
-0.01 0.2 1e-7 1e-8 4000 15
-0.01 0.2 1e-7 1e-8 4000 16
-0.01 0.2 1e-7 1e-8 4000 17
-0.01 0.2 1e-7 1e-8 4000 18
-0.01 0.2 1e-7 1e-8 4000 19
-0.01 0.2 1e-7 1e-8 4000 20
-0.01 0.2 1e-7 1e-6 4000 1
-0.01 0.2 1e-7 1e-6 4000 2
-0.01 0.2 1e-7 1e-6 4000 3
-0.01 0.2 1e-7 1e-6 4000 4
-0.01 0.2 1e-7 1e-6 4000 5
-0.01 0.2 1e-7 1e-6 4000 6
-0.01 0.2 1e-7 1e-6 4000 7
-0.01 0.2 1e-7 1e-6 4000 8
-0.01 0.2 1e-7 1e-6 4000 9
-0.01 0.2 1e-7 1e-6 4000 10
-0.01 0.2 1e-7 1e-6 4000 11
-0.01 0.2 1e-7 1e-6 4000 12
-0.01 0.2 1e-7 1e-6 4000 13
-0.01 0.2 1e-7 1e-6 4000 14
-0.01 0.2 1e-7 1e-6 4000 15
-0.01 0.2 1e-7 1e-6 4000 16
-0.01 0.2 1e-7 1e-6 4000 17
-0.01 0.2 1e-7 1e-6 4000 18
-0.01 0.2 1e-7 1e-6 4000 19
-0.01 0.2 1e-7 1e-6 4000 20
-0.01 0.2 1e-5 1e-8 4000 1
-0.01 0.2 1e-5 1e-8 4000 2
-0.01 0.2 1e-5 1e-8 4000 3
-0.01 0.2 1e-5 1e-8 4000 4
-0.01 0.2 1e-5 1e-8 4000 5
-0.01 0.2 1e-5 1e-8 4000 6
-0.01 0.2 1e-5 1e-8 4000 7
-0.01 0.2 1e-5 1e-8 4000 8
-0.01 0.2 1e-5 1e-8 4000 9
-0.01 0.2 1e-5 1e-8 4000 10
-0.01 0.2 1e-5 1e-8 4000 11
-0.01 0.2 1e-5 1e-8 4000 12
-0.01 0.2 1e-5 1e-8 4000 13
-0.01 0.2 1e-5 1e-8 4000 14
-0.01 0.2 1e-5 1e-8 4000 15
-0.01 0.2 1e-5 1e-8 4000 16
-0.01 0.2 1e-5 1e-8 4000 17
-0.01 0.2 1e-5 1e-8 4000 18
-0.01 0.2 1e-5 1e-8 4000 19
-0.01 0.2 1e-5 1e-8 4000 20
-0.01 0.2 1e-5 1e-6 4000 1
-0.01 0.2 1e-5 1e-6 4000 2
-0.01 0.2 1e-5 1e-6 4000 3
-0.01 0.2 1e-5 1e-6 4000 4
-0.01 0.2 1e-5 1e-6 4000 5
-0.01 0.2 1e-5 1e-6 4000 6
-0.01 0.2 1e-5 1e-6 4000 7
-0.01 0.2 1e-5 1e-6 4000 8
-0.01 0.2 1e-5 1e-6 4000 9
-0.01 0.2 1e-5 1e-6 4000 10
-0.01 0.2 1e-5 1e-6 4000 11
-0.01 0.2 1e-5 1e-6 4000 12
-0.01 0.2 1e-5 1e-6 4000 13
-0.01 0.2 1e-5 1e-6 4000 14
-0.01 0.2 1e-5 1e-6 4000 15
-0.01 0.2 1e-5 1e-6 4000 16
-0.01 0.2 1e-5 1e-6 4000 17
-0.01 0.2 1e-5 1e-6 4000 18
-0.01 0.2 1e-5 1e-6 4000 19
-0.01 0.2 1e-5 1e-6 4000 20